Top1:60.60 Top2:79.29
        0       1       2       3       4       5       6
0       0.64    0.14    0.00    0.02    0.02    0.02    0.15
1       0.04    0.74    0.03    0.02    0.08    0.02    0.07
2       0.08    0.05    0.55    0.16    0.02    0.03    0.11
3       0.03    0.07    0.09    0.67    0.08    0.01    0.05
4       0.04    0.12    0.01    0.00    0.47    0.13    0.23
5       0.11    0.18    0.00    0.00    0.10    0.30    0.31
6       0.11    0.03    0.00    0.01    0.11    0.05    0.68


Top1:59.47 Top2:77.70
        0       1       2       3       4       5       6
0       0.66    0.10    0.07    0.03    0.04    0.04    0.06
1       0.07    0.70    0.00    0.01    0.10    0.10    0.01
2       0.02    0.01    0.79    0.12    0.04    0.00    0.02
3       0.03    0.11    0.14    0.60    0.09    0.01    0.01
4       0.08    0.15    0.05    0.05    0.51    0.09    0.07
5       0.01    0.09    0.00    0.04    0.24    0.47    0.13
6       0.17    0.05    0.02    0.01    0.28    0.03    0.43

Top1:70.21 Top2:83.89
        0       1       2       3       4       5       6
0       0.59    0.04    0.00    0.01    0.03    0.01    0.32
1       0.01    0.84    0.00    0.08    0.03    0.00    0.04
2       0.03    0.03    0.73    0.15    0.00    0.01    0.05
3       0.01    0.02    0.01    0.91    0.04    0.00    0.01
4       0.04    0.08    0.00    0.05    0.54    0.07    0.22
5       0.00    0.22    0.00    0.14    0.19    0.29    0.15
6       0.05    0.00    0.01    0.02    0.11    0.01    0.79


