Top1:60.60 Top2:79.29
        0       1       2       3       4       5       6
0       0.64    0.14    0.00    0.02    0.02    0.02    0.15
1       0.04    0.74    0.03    0.02    0.08    0.02    0.07
2       0.08    0.05    0.55    0.16    0.02    0.03    0.11
3       0.03    0.07    0.09    0.67    0.08    0.01    0.05
4       0.04    0.12    0.01    0.00    0.47    0.13    0.23
5       0.11    0.18    0.00    0.00    0.10    0.30    0.31
6       0.11    0.03    0.00    0.01    0.11    0.05    0.68


Top1:59.47 Top2:77.70
        0       1       2       3       4       5       6
0       0.66    0.10    0.07    0.03    0.04    0.04    0.06
1       0.07    0.70    0.00    0.01    0.10    0.10    0.01
2       0.02    0.01    0.79    0.12    0.04    0.00    0.02
3       0.03    0.11    0.14    0.60    0.09    0.01    0.01
4       0.08    0.15    0.05    0.05    0.51    0.09    0.07
5       0.01    0.09    0.00    0.04    0.24    0.47    0.13
6       0.17    0.05    0.02    0.01    0.28    0.03    0.43

Top1:60.02 Top2:79.57
        0       1       2       3       4       5       6
0       0.65    0.03    0.05    0.03    0.10    0.00    0.15
1       0.04    0.64    0.03    0.09    0.18    0.01    0.00
2       0.06    0.01    0.82    0.07    0.01    0.00    0.04
3       0.04    0.04    0.24    0.57    0.07    0.00    0.03
4       0.07    0.06    0.05    0.01    0.56    0.05    0.18
5       0.05    0.16    0.00    0.01    0.35    0.30    0.13
6       0.26    0.00    0.03    0.00    0.18    0.01    0.51

