Top1:63.33 Top2:81.39
        0       1       2       3       4       5       6
0       0.73    0.04    0.05    0.04    0.05    0.01    0.09
1       0.03    0.68    0.03    0.10    0.14    0.00    0.03
2       0.08    0.03    0.71    0.14    0.03    0.00    0.01
3       0.04    0.02    0.13    0.75    0.05    0.00    0.00
4       0.06    0.05    0.05    0.01    0.58    0.10    0.15
5       0.04    0.00    0.05    0.00    0.44    0.19    0.29
6       0.18    0.03    0.04    0.05    0.17    0.02    0.51

Top1:57.40 Top2:74.63
        0       1       2       3       4       5       6
0       0.65    0.12    0.07    0.04    0.03    0.03    0.06
1       0.04    0.66    0.03    0.02    0.19    0.02    0.03
2       0.05    0.01    0.74    0.15    0.04    0.00    0.01
3       0.05    0.06    0.16    0.62    0.11    0.00    0.00
4       0.06    0.11    0.04    0.06    0.56    0.05    0.12
5       0.00    0.23    0.01    0.08    0.41    0.18    0.09
6       0.22    0.08    0.07    0.01    0.19    0.04    0.39

Top1:59.32 Top2:77.87
        0       1       2       3       4       5       6
0       0.60    0.03    0.02    0.05    0.09    0.00    0.20
1       0.03    0.79    0.01    0.03    0.12    0.02    0.00
2       0.06    0.03    0.54    0.22    0.05    0.00    0.10
3       0.02    0.12    0.08    0.68    0.07    0.00    0.01
4       0.05    0.16    0.01    0.00    0.54    0.10    0.14
5       0.00    0.18    0.00    0.01    0.12    0.37    0.32
6       0.12    0.03    0.02    0.00    0.27    0.02    0.54


